Stage	Trial	S/R	Light	Tone	Bell	Background	BP during CS	BP pre-CS	Freeze During CS	Active During CS	Movement Ratio
1	A	0	0	0.15	0	0.015	0	0	0	301	0
1	A	0	0	0.2753	0	0.0275	0	0	30	271	0.0997
1	A	0	0	0.3798	0	0.038	0	0	33	267	0.11
1	A	0	0	0.4672	0	0.0467	0	0	123	178	0.4086
1	A	0	0	0.5401	0	0.054	0	0	141	160	0.4684
1	A	0	0	0.601	0	0.0601	0	0	153	148	0.5083
1	A	0	0	0.6518	0	0.0652	0	0	172	129	0.5714
1	A	0	0	0.6943	0	0.0694	0	0	194	107	0.6445
1	A	0	0	0.7297	0	0.073	0	0	96	205	0.3189
1	A	0	0	0.7593	0	0.0759	0	0	143	158	0.4751
